   0   1   1
    8.071
   1   1   7
    7.289   13.136   14.950   25.902   32.892   41.864   49.135
   2   3  10
   14.931    2.425   11.386   17.595   26.101   31.598   40.939   48.809
   3   3  12
   28.667   25.323   11.679   14.087   14.908   20.947   24.954   33.051   40.797   50.096
   4   5  16
   37.996   18.375   15.770    4.942   11.348   12.607   20.174   25.077   33.248   39.954 49.798   57.678
   5   6  19
   43.603   27.868   22.921   12.416   12.051    8.668   13.369   16.562   23.664   28.972 37.082   43.771   52.322   59.364
   6   8  22
   35.094   28.910   15.699   10.650    0.000    3.125    3.020    9.873   13.694   21.039 24.926   32.421   37.558   45.960   53.281
   7  10  25
   38.800   24.304   17.338    5.345    2.863    0.101    5.684    7.871   13.114   15.862 21.765   25.251   32.039   38.396   47.543   56.504
   8  12  28
   32.048   23.112    8.007    2.856   -4.737   -0.809   -0.782    3.335    3.797    8.063 9.284   14.613   19.070   27.442   35.713   44.954   53.850
   9  14  31
   32.658   16.775   10.680    1.952    0.874   -1.487   -0.017   -0.048    2.793    3.330 7.560   11.273   18.272   24.927   33.226   40.296   48.903   56.289
  10  16  34
   23.996   16.461    5.317    1.751   -7.042   -5.732   -8.025   -5.154   -5.952   -2.108 0.430    7.070   11.245   18.058   23.102   30.842   37.278   45.997   53.121
  11  18  37
   24.190   12.927    6.848   -2.184   -5.182   -9.530   -8.418   -9.358   -6.862   -5.517 -0.989    2.665    8.361   12.655   19.064   24.889   32.761   39.582   47.953   55.275
  12  19  40
   33.040   17.570   10.911   -0.397   -5.474  -13.934  -13.193  -16.215  -14.587  -15.019 -10.619   -8.911   -3.217   -0.955    4.894    8.809   16.152   21.424   29.249   34.996 43.568   50.235
  13  21  42 
26.119   18.183    6.770   -0.057   -8.916  -12.210  -17.197  -16.850  -18.215  -15.872 -14.954  -11.062   -8.529   -2.932   -0.130    5.782    9.946   16.051   21.396   29.295 35.704   43.678
  14  22  44 
  32.164   23.772   10.755    3.824   -7.145  -12.384  -21.493  -21.895  -24.433  -22.949 -24.081  -20.493  -19.957  -14.360  -12.483   -6.580   -4.067    1.928    5.467   13.563 18.434   26.697   32.844
  15  24  46
   31.997   18.872   10.973   -0.717   -7.159  -16.953  -20.201  -24.441  -24.305  -26.337 -24.558  -24.858  -20.251  -18.994  -14.758  -12.874   -8.107   -5.277    0.939    5.766 12.100   17.903   25.504
  16  26  49
   25.970   17.543    4.073   -3.160  -14.063  -19.045  -26.016  -26.586  -29.932  -28.846 -30.664  -26.896  -26.861  -23.162  -22.867  -19.019  -17.678  -11.965   -9.116   -3.253 0.699    8.002   13.199   22.001
  17  28  51
   26.557   13.143    4.443   -7.067  -13.330  -21.003  -24.440  -29.014  -29.522  -31.762 -29.798  -29.800  -27.558  -27.307  -24.913  -24.168  -20.231  -18.363  -14.708  -10.517 -4.704    0.298    7.303   13.497
  18  30  53
   20.083   11.293   -2.200   -9.384  -18.377  -23.047  -30.232  -30.948  -34.715  -33.242 -35.040  -33.067  -34.423  -32.010  -32.673  -29.771  -29.720  -25.908  -23.716  -18.146 -14.503   -7.797   -2.999    4.602
  19  32  55
   20.418    6.763   -1.481  -11.169  -17.426  -24.800  -28.801  -33.807  -33.535  -35.559 -35.022  -36.593  -35.810  -36.608  -35.418  -35.696  -32.124  -30.319  -25.352  -22.002 -16.199  -11.998   -5.403   -0.270
  20  34  57
   13.153    4.602   -6.439  -13.162  -22.059  -27.274  -34.846  -35.138  -38.547  -38.409 -41.468  -40.812  -43.135  -42.340  -44.214  -41.289  -39.571  -35.863  -32.509  -27.898 -23.893  -18.118  -13.441   -7.120
  21  36  60
   13.898    2.841   -4.937  -14.168  -20.523  -28.642  -32.121  -36.188  -37.816  -41.068 -41.757  -44.332  -44.496  -46.552  -44.537  -43.218  -40.357  -37.623  -34.219  -29.581 -25.271  -20.688  -15.174  -10.042   -3.996
  22  38  63
    9.101    1.500   -8.850  -15.700  -25.122  -29.321  -37.548  -39.006  -44.123  -44.932 -48.488  -48.559  -51.427  -49.728  -49.465  -46.829  -45.594  -41.670  -38.937  -33.544 -30.767  -25.216  -21.648  -15.649  -11.653   -5.198
  23  40  65
   10.330   -0.205   -8.169  -18.024  -24.116  -31.880  -37.073  -42.002  -44.475  -47.957 -49.222  -52.201  -51.441  -51.849  -49.891  -49.151  -46.080  -44.189  -40.209  -37.067 -32.577  -29.361  -24.424  -20.912  -15.398  -11.252
  24  42  67
    5.990   -2.133  -13.461  -18.965  -29.474  -34.558  -42.819  -45.330  -50.259  -51.449 -55.417  -55.285  -56.933  -55.107  -55.281  -52.524  -51.835  -47.891  -46.504  -42.181 -40.415  -35.527  -33.152  -27.796  -24.796  -19.049
  25  44  69
    6.399   -5.114  -12.370  -22.263  -29.323  -37.616  -42.627  -48.241  -50.705  -54.688 -55.555  -57.711  -56.910  -57.487  -55.907  -55.480  -53.178  -51.556  -48.039  -46.351 -42.617  -40.673  -36.254  -33.403  -28.597  -25.299
  26  45  72
   13.579    0.755   -6.623  -18.160  -24.582  -34.476  -40.222  -48.332  -50.945  -56.252 -57.479  -60.605  -60.180  -62.153  -60.663  -61.412  -58.921  -58.901  -55.546  -54.771 -50.878  -49.574  -45.692  -43.128  -38.396  -35.900  -31.000  -28.299
  27  47  75
   10.703    1.639   -9.576  -17.195  -27.274  -33.916  -42.645  -48.010  -54.028  -56.039 -59.344  -59.846  -62.228  -61.649  -62.898  -61.432  -61.840  -59.793  -59.170  -56.111 -55.061  -51.350  -50.003  -45.643  -43.873  -39.300  -37.036  -32.248  -29.500
  28  48  78
   18.397    8.998   -3.791  -11.439  -22.654  -29.370  -39.211  -45.336  -53.904  -56.082 -60.228  -61.156  -64.472  -64.221  -66.746  -65.513  -67.099  -65.126  -66.006  -63.743 -63.464  -59.979  -59.150  -55.204  -53.940  -49.863  -48.372  -43.901  -41.610  -36.747 -34.298
  29  52  80
   -2.627  -13.460  -21.694  -31.624  -38.601  -47.310  -51.662  -56.357  -58.344  -61.984 -62.798  -65.580  -65.424  -67.264  -66.258  -67.319  -65.567  -65.736  -62.976  -62.711 -59.783  -58.987  -56.006  -54.120  -50.976  -48.577  -44.749  -42.327  -36.449
  30  54  83
   -6.567  -14.923  -25.728  -32.800  -42.298  -47.260  -54.188  -56.345  -61.171  -62.213 -66.004  -65.912  -68.899  -67.880  -70.007  -68.418  -69.565  -67.327  -68.131  -65.410 -65.709  -62.469  -62.137  -58.722  -57.343  -53.420  -51.845  -46.128  -42.457  -36.300
  31  56  86
   -4.741  -15.901  -23.986  -34.121  -39.998  -47.090  -52.000  -56.547  -58.834  -62.657 -63.724  -66.880  -67.086  -69.328  -68.910  -70.140  -68.589  -69.699  -68.050  -68.465 -66.297  -65.992  -63.707  -62.510  -59.135  -57.983  -53.104  -49.388  -44.106  -40.054 -34.353
  32  58  89
   -8.374  -17.000  -27.768  -33.729  -42.243  -46.910  -54.350  -56.415  -61.624  -62.658 -66.980  -67.101  -70.563  -69.908  -72.586  -71.298  -73.422  -71.856  -73.213  -71.214 -71.862  -69.489  -69.515  -66.303  -65.624  -60.901  -58.246  -53.067  -49.844  -44.237 -40.138  -33.692
  33  60  92
   -6.399  -18.052  -24.964  -33.823  -39.521  -46.981  -51.502  -56.648  -58.899  -63.087 -64.343  -67.894  -68.230  -70.957  -70.860  -73.032  -72.290  -73.917  -72.817  -73.637 -72.159  -72.533  -70.324  -69.881  -66.082  -63.323  -59.150  -55.983  -51.288  -47.143 -41.451  -36.859  -30.926
  34  65  94
  -32.919  -41.722  -46.491  -54.215  -56.302  -62.046  -63.116  -67.894  -68.218  -72.213 -72.169  -75.252  -74.600  -77.026  -75.918  -77.760  -76.390  -77.594  -75.341  -75.952 -72.428  -70.541  -66.582  -63.878  -59.196  -55.927  -50.338  -46.649  -40.716  -36.803
  35  67  97
  -32.798  -38.642  -46.476  -51.426  -57.063  -59.015  -63.629  -65.306  -69.139  -70.289 -73.235  -73.452  -76.069  -75.889  -77.975  -77.496  -79.009  -77.799  -78.610  -75.640 -73.857  -70.732  -68.572  -64.620  -61.508  -56.580  -53.049  -47.804  -43.901  -38.629 -34.652
  36  69 100
  -32.435  -41.676  -46.923  -53.941  -56.552  -62.332  -64.324  -69.014  -70.169  -74.180 -74.443  -77.892  -77.694  -80.590  -79.982  -82.431  -81.480  -83.266  -80.709  -79.692 -76.727  -74.970  -71.310  -68.785  -64.018  -61.143  -56.039  -53.030  -47.916  -44.796 -39.495  -36.198
  37  71 102
  -32.304  -38.117  -46.052  -51.917  -57.222  -60.480  -64.825  -66.936  -70.803  -72.173 -75.455  -76.188  -79.075  -79.750  -82.167  -82.747  -84.598  -82.609  -81.713  -79.362 -77.745  -74.772  -72.618  -68.553  -65.854  -61.225  -58.356  -54.222  -50.879  -46.696 -43.597  -38.312
  38  73 105
  -31.699  -40.697  -46.622  -54.244  -57.804  -63.174  -65.477  -70.308  -71.528  -76.008 -76.795  -80.644  -81.103  -84.524  -84.880  -87.922  -86.209  -85.942  -83.645  -82.868 -80.085  -78.840  -75.117  -72.939  -68.788  -66.646  -62.186  -60.219  -55.407  -53.077 -47.553  -44.404  -38.582
  39  76 108
  -38.704  -46.905  -52.527  -58.357  -61.218  -66.017  -68.192  -72.327  -74.158  -77.842 -79.284  -83.019  -84.299  -87.702  -86.487  -86.345  -84.813  -84.223  -82.348  -81.207 -78.347  -76.258  -72.467  -70.201  -67.294  -64.912  -61.892  -58.936  -54.912  -51.353 -46.770  -42.718  -37.744
  40  78 110
  -41.703  -47.357  -55.517  -58.488  -64.192  -66.459  -71.492  -73.149  -77.804  -79.348 -83.623  -84.869  -88.767  -87.890  -88.454  -87.117  -87.267  -85.658  -85.443  -82.947 -81.287  -77.768  -76.604  -73.457  -71.742  -68.372  -66.341  -62.364  -59.699  -55.191 -52.201  -47.283  -43.901
  41  81 113
  -47.478  -52.974  -58.959  -61.879  -67.149  -69.826  -74.183  -76.073  -80.650  -82.656 -86.632  -86.448  -87.208  -86.365  -86.782  -85.604  -85.606  -83.529  -82.327  -79.939 -78.942  -76.347  -75.317  -72.224  -70.853  -67.096  -64.916  -60.696  -58.097  -53.617 -50.627  -45.802  -42.197
  42  83 115
  -47.748  -55.806  -59.103  -64.556  -67.695  -72.700  -75.004  -80.167  -82.204  -86.805 -86.803  -88.410  -87.707  -88.790  -87.540  -88.112  -85.966  -86.184  -83.511  -83.557 -80.847  -80.329  -77.338  -76.255  -72.943  -71.303  -67.245  -65.456  -61.097  -58.833 -54.138  -51.307  -46.305
  43  85 118
  -47.665  -53.207  -59.122  -62.710  -67.844  -71.207  -75.984  -78.935  -83.603  -84.154 -86.017  -85.817  -87.220  -86.428  -87.323  -86.016  -86.336  -84.566  -84.597  -82.486 -82.288  -79.775  -79.103  -75.953  -74.536  -70.961  -69.217  -66.000  -63.724  -59.727 -57.110  -52.751  -49.854  -45.196
  44  87 120
  -47.339  -55.647  -59.513  -65.307  -68.658  -74.408  -77.266  -82.568  -83.450  -86.072 -86.112  -88.224  -87.617  -89.219  -87.950  -89.098  -87.259  -88.089  -85.928  -86.322 -83.923  -83.673  -80.851  -79.982  -76.666  -75.484  -72.203  -70.532  -66.428  -64.450 -60.007  -57.920  -53.244  -50.943
  45  89 122
  -47.658  -53.216  -59.103  -63.360  -69.173  -72.938  -78.340  -79.679  -82.589  -83.175 -85.574  -85.584  -87.408  -86.775  -88.022  -86.950  -87.846  -86.361  -86.863  -85.019 -85.011  -82.776  -82.357  -79.741  -78.683  -75.632  -74.208  -70.736  -68.949  -65.139 -63.239  -59.234  -57.082  -52.900
  46  91 124
  -47.403  -55.498  -59.699  -66.350  -70.151  -76.229  -77.799  -81.300  -82.188  -85.226 -85.428  -87.925  -87.479  -89.390  -88.413  -89.902  -88.368  -89.524  -87.607  -88.349 -86.004  -86.336  -83.692  -83.497  -80.403  -79.961  -76.530  -75.466  -71.623  -70.149 -66.257  -64.692  -60.612  -58.796
  47  93 130
  -46.780  -53.300  -60.100  -64.571  -70.819  -73.061  -76.758  -78.148  -81.224  -82.265 -84.791  -85.111  -87.068  -86.937  -88.402  -87.602  -88.723  -87.461  -88.221  -86.624 -87.033  -84.949  -84.987  -82.568  -82.265  -79.566  -78.557  -75.649  -74.661  -71.231 -69.955  -66.471  -64.804  -61.013  -58.898  -54.800  -52.452  -46.157
  48  95 132
  -46.696  -56.104  -60.603  -67.631  -69.853  -74.250  -75.748  -79.678  -80.649  -83.975 -84.330  -87.132  -86.985  -89.252  -88.508  -90.353  -89.258  -90.581  -89.049  -90.021 -88.090  -88.719  -86.425  -86.709  -83.907  -83.974  -81.061  -80.730  -77.311  -76.711 -73.359  -72.327  -68.517  -67.289  -63.202  -61.570  -55.266  -50.720
  49  97 135
  -47.003  -53.896  -61.274  -64.170  -68.614  -70.709  -74.599  -76.107  -79.481  -80.606 -83.560  -84.116  -86.489  -86.475  -88.396  -87.996  -89.370  -88.572  -89.537  -88.250 -88.945  -87.230  -87.704  -85.735  -85.841  -83.577  -83.426  -80.877  -80.481  -77.813 -76.985  -74.359  -72.939  -69.890  -68.137  -62.419  -57.930  -52.024  -47.199
  50  99 137
  -47.199  -56.780  -59.560  -64.929  -66.974  -71.592  -73.263  -77.425  -78.577  -82.041 -82.639  -85.844  -85.945  -88.661  -88.333  -90.561  -90.036  -91.528  -90.400  -91.656 -90.068  -91.105  -89.204  -89.946  -87.820  -88.237  -85.899  -86.020  -83.499  -83.335 -80.594  -80.139  -77.314  -76.554  -70.953  -66.796  -60.799  -56.504  -50.310
  51 103 139
  -56.178  -59.176  -63.820  -66.330  -70.654  -72.507  -76.259  -77.544  -80.888  -81.601 -84.420  -84.515  -87.003  -86.821  -88.645  -87.999  -89.477  -88.424  -89.595  -88.330 -89.224  -87.620  -88.256  -86.398  -86.700  -84.609  -84.628  -82.292  -81.988  -79.674 -78.943  -74.166  -69.708  -64.879  -60.258  -55.154  -50.319
  52 105 142
  -52.499  -58.214  -60.541  -65.722  -67.612  -72.277  -73.485  -77.301  -78.347  -81.889 -82.063  -85.269  -85.097  -87.721  -87.184  -89.405  -88.551  -90.314  -89.172  -90.525 -89.022  -90.065  -88.281  -88.992  -87.003  -87.351  -85.209  -85.182  -82.945  -82.559 -77.828  -74.425  -69.561  -65.931  -60.799  -56.961  -51.558  -47.432
  53 108 144
  -52.652  -57.613  -60.321  -64.947  -67.096  -71.128  -72.796  -76.338  -77.492  -80.435 -80.971  -83.766  -83.790  -86.287  -86.080  -87.943  -87.365  -88.836  -87.911  -88.983 -87.738  -88.503  -86.932  -87.444  -85.700  -85.887  -84.072  -83.790  -79.499  -76.503 -72.331  -68.838  -64.273  -60.519  -55.722  -51.642  -46.584
  54 110 147
  -51.905  -54.397  -59.967  -62.092  -67.086  -68.657  -73.047  -74.185  -78.079  -78.794 -82.172  -82.473  -85.355  -85.249  -87.660  -87.192  -89.169  -88.321  -89.860  -88.697 -89.882  -88.415  -89.280  -87.644  -88.124  -86.417  -86.425  -82.379  -80.151  -75.644 -72.991  -68.327  -65.475  -60.445  -57.278  -52.098  -48.671  -43.259
  55 112 151
  -46.294  -51.704  -54.539  -59.699  -62.068  -66.443  -68.409  -72.305  -73.889  -77.100 -78.140  -81.044  -81.731  -84.088  -84.345  -86.240  -85.931  -87.500  -86.900  -88.060 -87.156  -88.071  -86.891  -87.582  -86.339  -86.546  -82.887  -80.701  -77.051  -74.477 -70.515  -67.671  -63.270  -60.057  -55.620  -52.019  -47.303  -43.845  -38.964  -35.220
  56 114 153
  -45.946  -49.025  -54.604  -57.288  -62.373  -64.590  -68.889  -70.743  -74.609  -75.655 -79.090  -79.668  -82.670  -82.816  -85.402  -85.065  -87.262  -86.684  -88.435  -87.553 -88.950  -87.851  -88.887  -87.721  -88.262  -84.914  -83.271  -79.726  -77.823  -73.936 -71.769  -67.415  -65.000  -60.598  -58.013  -53.486  -50.599  -45.820  -42.597  -37.623
  57 117 155
  -46.512  -49.621  -54.967  -57.687  -62.401  -64.543  -68.707  -70.259  -73.759  -74.973 -77.896  -78.632  -81.326  -81.628  -83.769  -83.740  -85.494  -85.219  -86.651  -86.037 -87.101  -86.525  -87.231  -84.321  -82.938  -80.035  -78.187  -74.892  -72.987  -69.123 -66.848  -63.128  -60.795  -57.035  -54.287  -50.068  -46.929  -42.383  -38.797
  58 119 157
  -44.004  -49.705  -52.704  -57.836  -60.175  -64.823  -66.658  -70.821  -71.976  -75.534 -76.287  -79.423  -79.715  -82.474  -82.423  -84.836  -84.625  -86.468  -85.879  -87.569 -86.952  -88.083  -85.440  -84.538  -81.612  -80.437  -77.097  -75.675  -72.029  -70.391 -66.695  -64.824  -61.501  -59.113  -55.349  -52.704  -48.400  -45.401  -40.669
  59 121 159
  -41.579  -44.889  -50.338  -53.132  -57.911  -60.258  -64.431  -66.331  -69.774  -71.175 -74.278  -75.213  -77.938  -78.514  -80.936  -81.327  -83.177  -83.132  -84.823  -84.695 -86.021  -83.793  -83.073  -80.756  -79.632  -76.714  -75.455  -72.531  -71.057  -68.304 -66.771  -63.808  -61.629  -58.201  -55.778  -51.912  -48.969  -44.730  -41.451
  60 124 161
  -44.497  -47.618  -52.890  -55.424  -60.184  -62.235  -66.596  -67.769  -71.426  -72.332 -75.646  -76.214  -79.199  -79.580  -82.018  -81.992  -84.252  -84.198  -85.955  -84.007 -83.753  -81.437  -80.931  -78.152  -77.413  -74.381  -73.690  -70.953  -70.158  -67.349 -65.691  -62.473  -60.530  -56.793  -54.399  -50.217  -47.422  -42.961
  61 126 163
  -39.570  -45.056  -48.046  -52.946  -55.470  -59.737  -61.711  -65.408  -66.739  -69.978 -71.198  -74.073  -74.940  -77.496  -78.207  -80.523  -81.157  -82.966  -81.421  -81.274 -79.460  -79.048  -76.872  -76.071  -73.603  -73.395  -71.262  -70.685  -68.498  -66.973 -64.220  -62.373  -59.093  -56.849  -53.104  -50.431  -46.305  -43.147
  62 128 165
  -39.048  -42.253  -47.581  -50.198  -55.247  -57.129  -61.507  -62.857  -66.811  -68.025 -71.498  -72.380  -75.456  -75.939  -78.993  -79.523  -81.972  -80.658  -81.002  -79.272 -79.342  -77.142  -77.057  -74.582  -74.769  -72.566  -72.462  -70.197  -69.370  -66.733 -65.213  -62.213  -60.417  -56.979  -54.753  -50.897  -48.177  -43.799
  63 130 167
  -33.936  -39.353  -42.504  -47.283  -49.826  -54.194  -56.262  -60.016  -61.750  -65.398 -66.986  -69.927  -71.320  -74.242  -75.622  -77.998  -77.122  -77.550  -76.302  -76.447 -74.797  -74.659  -72.894  -73.373  -71.744  -71.824  -70.093  -69.467  -67.212  -66.053 -63.369  -61.777  -58.647  -56.626  -53.104  -50.561  -46.603  -43.585
  64 134 169
  -41.573  -44.181  -49.052  -51.214  -55.778  -57.529  -61.782  -63.224  -66.960  -68.232 -71.760  -72.927  -76.093  -75.363  -76.276  -75.133  -75.769  -74.195  -74.714  -72.890 -73.713  -72.077  -72.542  -70.831  -70.697  -68.569  -67.949  -65.513  -64.287  -61.488 -59.746  -56.467  -54.399  -50.701  -48.102  -43.901
  65 136 171
  -35.974  -41.004  -43.631  -48.168  -50.482  -54.541  -57.060  -60.434  -62.368  -65.881 -67.769  -70.752  -70.540  -71.496  -71.111  -71.630  -70.724  -71.320  -70.162  -71.254 -70.098  -70.771  -69.477  -69.539  -67.843  -67.468  -65.681  -64.601  -62.083  -60.659 -57.760  -55.843  -52.499  -50.096  -46.342  -43.501
  66 138 173
  -34.940  -37.688  -42.839  -45.317  -49.960  -52.322  -56.585  -58.288  -62.554  -64.188 -67.859  -67.715  -69.317  -68.759  -70.124  -69.150  -70.398  -69.160  -70.530  -69.428 -70.412  -69.173  -69.678  -68.061  -68.187  -66.386  -65.973  -63.618  -62.590  -59.937 -58.564  -55.603  -53.663  -50.114  -47.730  -43.780
  67 140 175
  -29.305  -34.374  -37.474  -42.281  -45.196  -49.183  -51.568  -55.837  -58.015  -61.688 -61.948  -63.632  -63.608  -65.019  -64.644  -66.040  -65.355  -66.829  -66.191  -67.336 -66.388  -67.203  -66.047  -66.384  -64.987  -64.905  -63.077  -62.287  -60.067  -58.803 -56.245  -54.525  -51.400  -49.099  -45.503  -42.802
  68 143 177
  -31.354  -36.906  -39.691  -44.712  -47.050  -51.651  -53.742  -57.833  -58.266  -60.500 -60.488  -62.612  -62.215  -64.213  -63.420  -65.304  -64.567  -66.058  -65.209  -66.343 -65.174  -65.950  -64.528  -64.932  -63.297  -62.997  -60.929  -60.115  -57.725  -56.489 -53.654  -51.949  -48.652  -46.500  -42.802
  69 145 179
  -27.877  -31.275  -36.365  -39.272  -44.041  -46.612  -50.782  -51.771  -54.015  -54.429 -56.635  -56.840  -58.709  -58.703  -60.570  -60.302  -61.899  -61.484  -62.735  -61.888 -62.936  -61.894  -62.548  -61.318  -61.280  -59.801  -59.216  -57.380  -56.259  -53.870 -52.316  -49.374  -47.469  -44.116  -41.601
  70 148 181
  -30.348  -33.497  -38.732  -41.544  -46.306  -47.059  -49.934  -50.503  -53.264  -53.442 -56.015  -55.843  -58.170  -57.844  -59.832  -59.304  -61.023  -60.287  -61.588  -60.594 -61.575  -60.370  -60.769  -59.312  -59.260  -57.556  -56.950  -54.701  -53.494  -50.989 -49.698  -46.416  -44.404  -40.846
  71 150 184
  -24.938  -30.202  -33.422  -38.408  -39.568  -42.554  -43.750  -46.483  -47.214  -49.715 -50.270  -52.562  -52.837  -54.791  -54.642  -56.442  -56.021  -57.501  -57.064  -58.077 -57.310  -57.834  -56.741  -56.886  -55.575  -55.171  -53.387  -52.389  -50.343  -49.064 -46.685  -44.740  -41.880  -39.523  -36.412
  72 153 188
  -27.302  -32.733  -34.102  -37.852  -38.754  -42.104  -42.854  -45.937  -46.319  -49.173 -49.286  -51.822  -51.636  -53.859  -53.468  -55.361  -54.717  -56.254  -55.431  -56.404 -55.412  -55.847  -54.484  -54.578  -52.890  -52.444  -50.472  -49.788  -47.412  -46.059 -43.286  -41.501  -38.359  -36.431  -32.984  -30.879
  73 155 190
  -23.668  -25.799  -29.629  -31.019  -34.448  -35.876  -38.734  -39.782  -42.541  -43.283 -45.855  -46.098  -48.351  -48.394  -50.290  -50.138  -51.720  -51.330  -52.397  -51.741 -52.409  -51.365  -51.724  -50.507  -50.366  -48.936  -48.442  -46.433  -45.296  -42.841 -41.396  -38.609  -36.766  -33.813  -31.829  -28.662
  74 158 192
  -23.695  -25.227  -29.362  -30.407  -34.002  -34.909  -38.234  -38.862  -41.892  -42.089 -44.890  -44.918  -47.293  -47.086  -49.097  -48.727  -50.227  -49.633  -50.642  -49.702 -50.416  -49.304  -49.644  -48.254  -48.248  -46.367  -45.707  -43.390  -42.510  -39.905 -38.667  -35.478  -34.296  -31.112  -29.649
  75 160 194
  -16.660  -20.876  -22.354  -26.007  -27.644  -30.657  -31.850  -34.837  -35.795  -38.386 -38.918  -41.250  -41.523  -43.554  -43.673  -45.288  -45.063  -46.269  -45.653  -46.586 -45.840  -46.511  -45.448  -45.811  -44.227  -43.822  -41.930  -41.216  -39.016  -37.978 -35.566  -34.349  -31.708  -30.302  -27.554
  76 162 196
  -14.503  -16.124  -20.460  -21.646  -25.438  -26.503  -29.991  -30.721  -33.928  -34.293 -37.238  -37.438  -39.996  -40.105  -42.098  -41.950  -43.546  -43.020  -44.359  -43.553 -44.609  -43.663  -44.256  -42.809  -42.999  -41.218  -41.136  -38.985  -38.706  -36.394 -35.881  -33.393  -32.433  -29.690  -28.281
  77 164 199
   -7.265  -11.625  -13.205  -17.079  -18.741  -22.081  -23.320  -26.430  -27.520  -30.272 -30.869  -33.429  -33.861  -36.047  -36.252  -38.077  -37.978  -39.472  -39.052  -40.197 -39.611  -40.336  -39.173  -39.716  -38.328  -38.453  -36.751  -36.706  -34.833  -34.534 -32.529  -31.690  -29.438  -28.268  -25.821  -24.401
  78 166 202
   -4.792   -6.540  -11.038  -12.375  -16.306  -17.471  -21.101  -21.942  -25.319  -25.690 -28.928  -29.370  -31.998  -32.264  -34.436  -34.375  -36.169  -35.772  -37.332  -36.683 -37.864  -36.713  -37.823  -36.483  -37.323  -35.698  -36.293  -34.477  -34.763  -32.797 -32.647  -30.422  -29.908  -27.392  -26.603  -23.741  -22.598
  79 169 205
   -1.788   -3.612   -7.565   -9.282  -12.820  -14.195  -17.443  -18.537  -21.550  -22.326 -24.952  -25.596  -27.871  -28.301  -30.187  -30.319  -31.867  -31.715  -33.005  -32.301 -33.582  -32.881  -33.809  -32.777  -33.394  -32.262  -32.570  -31.140  -31.141  -29.582 -29.095  -27.269  -26.401  -24.400  -23.143  -20.750  -18.751
  80 171 210
    3.502   -1.087   -2.569   -6.647   -7.989  -11.779  -12.781  -16.317  -16.922  -20.245 -20.661  -23.576  -23.800  -26.349  -26.176  -28.539  -28.118  -30.202  -29.631  -31.370 -30.593  -32.011  -31.051  -32.193  -31.000  -31.827  -30.541  -30.954  -29.547  -29.504 -27.663  -27.346  -25.269  -24.690  -22.287  -20.946  -16.219  -13.097   -8.346   -5.114
  81 176 212
    0.550   -3.328   -4.754   -8.300   -9.403  -12.801  -13.351  -16.587  -16.885  -19.756 -20.190  -22.444  -22.347  -24.602  -24.333  -26.281  -25.872  -27.319  -26.827  -28.155 -27.497  -28.341  -27.494  -28.059  -27.048  -27.182  -25.983  -25.761  -24.346  -23.821 -22.253  -21.034  -16.749  -13.638   -9.246   -6.076   -1.651
  82 178 215
    3.568    2.003   -1.939   -3.145   -6.826   -7.569  -11.045  -11.541  -14.681  -14.980 -17.815  -17.878  -20.417  -20.246  -22.556  -22.194  -24.208  -23.714  -25.361  -24.749 -26.050  -25.228  -26.243  -25.258  -25.934  -24.787  -25.110  -23.770  -23.785  -22.452 -21.748  -17.614  -14.728  -10.491   -7.547   -3.184   -0.181    4.477
  83 184 218
    1.047   -2.213   -3.169   -6.373   -7.205  -10.061  -10.903  -13.240  -13.546  -15.873 -15.990  -18.024  -18.009  -19.688  -19.369  -20.798  -20.370  -21.416  -20.733  -21.540 -20.667  -21.062  -20.028  -20.054  -18.870  -18.258  -14.792  -11.858   -8.117   -5.231 -1.200    1.649    5.874    8.821   13.335
  84 188 220
   -0.538   -1.415   -4.563   -5.054   -8.071   -8.360  -11.005  -11.075  -13.474  -13.358 -15.473  -15.215  -16.954  -16.525  -17.924  -17.307  -18.334  -17.509  -18.182  -17.146 -17.470  -16.366  -15.953  -12.433  -10.369   -6.653   -4.470   -0.540    1.784    5.901 8.358   12.802   15.465
  85 193 223
   -0.146   -1.188   -3.476   -3.923   -6.344   -6.672   -8.819   -8.988  -10.789  -10.591 -12.163  -11.875  -12.972  -12.420  -13.243  -12.491  -12.880  -11.972  -11.647   -8.621 -6.579   -3.380   -1.255    2.257    4.396    8.099   10.397   14.352   16.813   20.800 23.464
  86 195 228
    5.065    1.970    1.476   -1.231   -1.518   -4.006   -4.072   -6.275   -6.160   -7.984 -7.714   -9.116   -8.631   -9.648   -8.929   -9.598   -8.756   -8.660   -5.698   -4.320 -1.169    0.256    3.659    5.218    8.831   10.613   14.472   16.374   20.297   22.440 26.492   28.774   32.981   35.384
  87 199 232
    6.761    6.122    3.596    3.142    0.861    0.608   -1.310   -1.243   -2.842   -2.665 -3.769   -3.346   -4.158   -3.538   -3.550   -0.958    0.318    2.979    4.315    7.059 8.618   11.483   13.278   16.349   18.384   21.657   23.814   27.373   29.655   33.282 35.816   39.598   42.328   46.363
  88 202 234
    9.213    8.636    6.054    5.839    3.565    3.538    1.714    1.855    0.461    0.836 -0.191    0.358    0.101    2.534    3.291    5.887    6.651    9.394   10.273   12.964 14.321   17.235   18.827   21.994   23.669   27.179   28.942   32.563   34.518   38.396 40.649   44.767   47.230
  89 206 236
   13.511   11.131   10.760    8.844    8.790    7.205    7.279    6.155    6.429    6.012 8.123    8.707   10.844   11.570   13.752   14.523   16.621   17.826   20.235   21.638 24.310   25.851   28.896   30.754   33.808   35.917   39.148   41.498   45.103   47.722 51.508
  90 209 238
   16.502   14.043   13.906   12.091   12.119   10.712   10.927   10.304   12.216   12.374 14.473   14.669   16.938   17.203   19.386   19.996   22.310   23.197   25.806   26.772 29.587   30.864   33.817   35.448   38.733   40.614   44.255   46.454   50.202   52.625
  91 212 240
   21.615   19.663   19.485   17.872   17.800   17.069   18.669   18.521   20.377   20.379 22.116   22.321   23.870   24.341   26.033   26.832   28.924   29.898   32.175   33.426 35.948   37.490   40.341   42.330   45.346   47.642   50.769   53.337   56.803
  92 217 242
   22.699   21.923   23.212   23.029   24.591   24.299   25.838   25.714   27.377   27.329 29.022   29.225   31.211   31.615   33.807   34.611   36.920   38.147   40.920   42.446 45.392   47.309   50.574   52.715   56.197   58.620
  93 225 244
   31.591   32.738   32.562   33.701   33.780   35.236   35.625   37.361   37.950   39.956 41.045   43.379   44.873   47.456   49.312   52.315   54.262   57.418   59.875   63.202
  94 228 247
   36.088   37.400   36.934   38.285   38.366   40.052   40.350   42.184   42.903   45.093 46.165   48.590   50.127   52.957   54.718   57.756   59.806   63.106   65.395   68.996
  95 231 249
   42.439   43.398   43.173   44.534   44.662   46.183   46.571   48.423   49.392   51.512 52.936   55.470   57.176   59.881   61.900   64.995   67.154   70.562   73.104
  96 233 252
   47.293   46.724   47.910   47.890   49.277   49.396   51.192   51.725   53.703   54.805 57.184   58.454   61.005   62.618   65.534   67.392   70.750   72.989   76.648   79.056
  97 235 254
   52.704   53.403   53.098   54.288   54.287   55.665   56.103   57.735   58.691   60.716 61.815   63.968   65.491   68.080   69.850   72.951   75.228   78.534   80.929   84.393
  98 237 256
   57.818   57.203   58.145   58.034   59.361   59.338   60.945   61.479   63.387   64.092 66.137   67.240   69.726   71.172   74.135   76.034   79.301   81.341   84.809   87.039
  99 240 258
   64.199   63.843   64.967   64.783   66.027   66.438   67.902   68.610   70.301   71.176 73.227   74.512   77.294   79.014   81.992   84.089   87.186   89.403   92.702
 100 242 260
   68.400   69.259   69.009   70.221   70.141   71.583   71.906   73.619   74.074   75.987 76.817   79.350   80.904   83.799   85.486   88.589   90.426   93.704   95.644
 101 245 262
   75.292   76.276   76.043   77.149   77.326   78.636   79.027   80.630   81.301   83.514 84.843   87.615   88.996   91.688   93.624   96.551   98.478  101.407
 102 248 264
   80.664   81.816   81.516   82.914   82.881   84.466   84.724   86.854   87.824   90.241 91.479   94.109   95.611   98.504   99.951  102.979  104.649
 103 251 266
   87.896   88.837   88.687   89.847   90.057   91.872   92.735   94.839   95.852   98.276 99.561  102.123  103.669  106.226  107.903  111.132
 104 253 268
   93.791   93.320   94.397   94.236   95.934   96.399   98.400   99.149  101.315  102.394 104.837  106.176  108.709  109.876  113.204  115.174
 105 255 270
  100.041  100.720  100.342  101.748  102.101  103.676  104.379  106.269  107.111  109.361 110.476  112.738  113.994  116.851  118.728  121.757
 106 258 273
  105.415  106.656  106.583  108.162  108.424  110.216  110.784  112.818  113.703  115.901 117.001  119.934  121.400  124.329  125.898  128.751
 107 260 275
  113.614  113.329  114.473  114.606  116.068  116.574  118.246  118.906  120.866  121.741 124.463  125.919  128.576  130.053  132.682  134.368
 108 263 277
  119.751  119.599  121.173  121.185  122.761  123.108  124.872  125.426  128.226  129.526 132.259  133.325  135.953  137.123  139.576
 109 265 279
  126.824  127.893  127.901  129.224  129.529  131.021  131.470  133.891  134.986  137.388 138.463  140.801  141.978  144.207  145.493
 110 267 281
  134.453  133.944  135.183  134.806  136.056  136.293  138.665  139.251  141.751  142.551 144.984  145.750  147.978  148.848  150.959
 111 272 283
  143.091  143.154  145.046  145.445  147.636  148.591  150.533  151.338  153.206  154.043 156.012  156.878
 112 277 285
  152.712  153.056  155.136  155.596  157.689  158.135  160.023  160.574  162.177
 113 283 287
  164.363  165.881  166.488  168.117  168.643
 114 285 289
  171.114  171.260  172.884  172.968  174.449
 115 287 291
  178.088  179.305  179.513  180.842  181.068
 116 289 292
  185.239  184.985  186.309  186.100
 117 291 292
  192.413  193.330
 118 293 293
  199.964
